h_id = 921
J_c = 1.018
J_l = 0.8696 
J_b = 0.8669
J_s = 0.9887
J_r = 1
h_s = 698.8
A_o_sb = 0.001027
A_o_tb = 0.001995 
A_o_cr = 0.03275
A_o_w = 0.01308
A_o_bp = 0.00949
F_c = 0.6506
N_b = 14
N_rc = 9
